================================================================================
Count: 311
Mean: 238.38906752411575
Median: 241.0
Mode: 393.0
SD: 144.7922709215217
Variance: 20964.80171861134
Elapsed Execution Time: 0.001381700043566525
================================================================================
